cam0:
  T_cam_imu:
  - - -0.003997204591801307
    - -0.9996504672638962
    - -0.02613361158596439
    - 0.0006817997717462259
  - - -0.12438524934354983
    - 0.02642788929331974
    - -0.991881987140226
    - -0.0011595743804175519
  - - 0.992225948109197
    - -0.0007141194401542594
    - -0.12444741030745071
    - -0.0038933582206145925
  - - 0.0
    - 0.0
    - 0.0
    - 1.0
  cam_overlaps:
  - 1
  camera_model: pinhole
  distortion_coeffs:
  - 0.35373075491537537
  - 0.14855135065031944
  - 0.10751446799097758
  - -0.08190399721739684
  distortion_model: equidistant
  intrinsics:
  - 401.7821350569755
  - 401.38190451271794
  - 321.6408340404745
  - 222.30137917533548
  resolution:
  - 640
  - 480
  rostopic: /camera/infra1/image_rect_raw_throttle
  timeshift_cam_imu: -0.02312264307262021
cam1:
  T_cam_imu:
  - - 0.0013111034645146569
    - -0.9996462314368775
    - -0.026564882490888453
    - -0.04939089460325257
  - - -0.12412496538359763
    - 0.02619678438329906
    - -0.9919207233728391
    - -0.0011556431817522186
  - - 0.9922657275025812
    - 0.004597875816538866
    - -0.1240467071781822
    - -0.004045981631846411
  - - 0.0
    - 0.0
    - 0.0
    - 1.0
  T_cn_cnm1:
  - - 0.9999858179265234
    - -0.0002323934350380113
    - 0.005320708516406069
    - -0.05005223875889594
  - - 0.00023099604070679785
    - 0.9999999386711441
    - 0.0002632461592837186
    - 4.79854610042556e-06
  - - -0.005320769366772312
    - -0.0002620133633063001
    - 0.9999858102804992
    - -0.00014935478153652924
  - - 0.0
    - 0.0
    - 0.0
    - 1.0
  cam_overlaps:
  - 0
  camera_model: pinhole
  distortion_coeffs:
  - 0.3407790243943775
  - 0.2758214708106229
  - -0.3335526101961871
  - 0.40470720978332514
  distortion_model: equidistant
  intrinsics:
  - 401.1868445746572
  - 401.17596178229064
  - 319.3260919379181
  - 223.86700166863332
  resolution:
  - 640
  - 480
  rostopic: /camera/infra2/image_rect_raw_throttle
  timeshift_cam_imu: -0.02308633429120303
