cam0:
  T_cam_imu:
    [0.003279337699994528, -0.9996430361436714, -0.026515019021496944, -0.00035665427555469227,
    -0.11826633808518078, 0.025941372804469703, -0.9926429964760441, -0.00046385140016367665,
     0.9929764947974196, 0.006391045804910789, -0.11813905075523687, -0.0009337240040228395,
     0.0, 0.0, 0.0, 1.0]
  cam_overlaps:
  - 1
  camera_model: pinhole
  distortion_coeffs: [0.350134206932227, 0.13930362721955938, 0.20910062904495721, -0.2588695936694079]
  distortion_model: equidistant
  intrinsics: [405.19859759773357, 404.9331620662488, 320.15621420516624, 222.7690196888216]
  resolution: [640, 480]
  rostopic: /camera/infra1/image_rect_raw
  timeshift_cam_imu: -0.023543574604763855
cam1:
  T_cam_imu:
    [0.008876784921335451, -0.9995986479526433, -0.02690252219974054, -0.050433928976497046,
    -0.1177167736739046, 0.025671903032403715, -0.9927153240433542, -0.0004828579285707848,
     0.9930075346568459, 0.011978998536690766, -0.1174416438440424, -0.0005861084385756374,
     0.0, 0.0, 0.0, 1.0]
  T_cn_cnm1:
    [0.9999842582277874, -0.00027618577888572493, 0.005604196466265056, -0.05007217565170915,
     0.00027309355521239117, 0.9999998100668589, 0.0005525270592634696, -1.839330874566098e-05,
    -0.00560434800195865, -0.0005509878915712817, 0.9999841437221949, 0.0003453463688784298,
     0.0, 0.0, 0.0, 1.0]
  cam_overlaps:
  - 0
  camera_model: pinhole
  distortion_coeffs: [0.34570311573770657, 0.2902370364594145, -0.556849810900215, 0.7854080092252734]
  distortion_model: equidistant
  intrinsics: [405.1120750830358, 405.1556662323401, 317.69000607287484, 224.2606831142018]
  resolution: [640, 480]
  rostopic: /camera/infra2/image_rect_raw
  timeshift_cam_imu: -0.02354092403793346
T_imu_body:
  [1.0000, 0.0000, 0.0000, 0.0000,
  0.0000, 1.0000, 0.0000, 0.0000,
  0.0000, 0.0000, 1.0000, 0.0000,
  0.0000, 0.0000, 0.0000, 1.0000]
