cam0:
  T_cam_imu:
  - - -0.022980882605035502
    - -0.9995018000117315
    - -0.021634019691188333
    - 0.02473260547167594
  - - -0.1160847506297194
    - 0.024161167469588074
    - -0.9929454006428242
    - -0.04149997194674318
  - - 0.9929734184286736
    - -0.02030738190441267
    - -0.11658216216153694
    - -0.1421740375691228
  - - 0.0
    - 0.0
    - 0.0
    - 1.0
  cam_overlaps:
  - 1
  camera_model: pinhole
  distortion_coeffs:
  - 0.3546892330947922
  - 0.16680330495539525
  - -0.19256166264756253
  - 0.423218387916888
  distortion_model: equidistant
  intrinsics:
  - 396.45525876922136
  - 396.1609427426928
  - 321.2036771418587
  - 222.45880101113997
  resolution:
  - 640
  - 480
  rostopic: /camera/infra1/image_rect_raw_throttle
  timeshift_cam_imu: -0.01936357093653239
cam1:
  T_cam_imu:
  - - -0.02024408304673242
    - -0.9995622934673656
    - -0.02157309852241135
    - -0.02593921429585227
  - - -0.11637849024073305
    - 0.0237867496293509
    - -0.9929200559719591
    - -0.04119592856337549
  - - 0.9929986022703581
    - -0.017590111436009692
    - -0.11680909155020497
    - -0.14277083330469598
  - - 0.0
    - 0.0
    - 0.0
    - 1.0
  T_cn_cnm1:
  - - 0.999996251278667
    - -0.00037965368110055517
    - 0.0027116953550911944
    - -0.05030194999170681
  - - 0.000380433393682255
    - 0.9999998864429863
    - -0.000287026916131276
    - 0.00025382178616315155
  - - -0.0027115860763338795
    - 0.00028805745961392167
    - 0.9999962821550157
    - -0.0005183053514843925
  - - 0.0
    - 0.0
    - 0.0
    - 1.0
  cam_overlaps:
  - 0
  camera_model: pinhole
  distortion_coeffs:
  - 0.305435047063116
  - 0.5706867666199601
  - -1.4135689256606938
  - 1.6576809550910154
  distortion_model: equidistant
  intrinsics:
  - 395.9724128252303
  - 396.1210316138601
  - 320.28146491784867
  - 224.00890131154262
  resolution:
  - 640
  - 480
  rostopic: /camera/infra2/image_rect_raw_throttle
  timeshift_cam_imu: -0.019374886983253445
