cam0:
  T_cam_imu:
    [ -0.06423079695213452, -0.9978783280787332, -0.010641760835764624, 0.016167662795167573,
         -0.004773621973441888, 0.010970889307255788, -0.9999284234989334, -0.0462982559816783,
         0.9979236530196828, -0.06417539979306625, -0.005468162877216853, -0.11989336666397332,
          0.0, 0.0, 0.0, 1.0]
  cam_overlaps: 1
  camera_model: pinhole
  distortion_coeffs: [-0.0005183003353679636, -0.000999316800143845, -0.0001531520497031692, 8.725647234316293e-05]
  distortion_model: radtan
  intrinsics: [382.2159914238991, 381.0687232191016, 322.1668322739944, 224.78064414546495]
  resolution: [640, 480]
  rostopic: /camera/infra1/image_rect_raw
  timeshift_cam_imu: -0.04322761980394345
cam1:
  T_cam_imu:
    [-0.06456291388041466, -0.9978577908949997, -0.010557428731533314, -0.033808009162639006,
     -0.004345793526922714, 0.01086054904128711, -0.9999315789358506, -0.046299114895573854,
      0.9979041758755656, -0.06451261601169989, -0.005037672620907513, -0.11968329858697767,
      0.0, 0.0, 0.0, 1.0]
  T_cn_cnm1:
    [ 0.9999999410823319, -8.251535619839563e-05, -0.00033320646195747033, -0.050019440566847574,
         8.26599774508349e-05, 0.9999999023889434, 0.0004340385113411238, 4.983848662724193e-05,
         0.0003331706145904688, -0.0004340660286072192, 0.9999998502919998, 0.00018456703774427665,
          0.0, 0.0, 0.0, 1.0]
  cam_overlaps: 0
  camera_model: pinhole
  distortion_coeffs: [0.0004863276809509756, -0.0032940038656813797, 1.4220303205128947e-05, -0.00015737118338807226]
  distortion_model: radtan
  intrinsics: [382.14383322787995, 381.018595373123, 322.00255612808064, 226.17815504537407]
  resolution: [640, 480]
  rostopic: /camera/infra2/image_rect_raw
  timeshift_cam_imu: -0.04322731064191119
T_imu_body:
  [1.0000, 0.0000, 0.0000, 0.0000,
  0.0000, 1.0000, 0.0000, 0.0000,
  0.0000, 0.0000, 1.0000, 0.0000,
  0.0000, 0.0000, 0.0000, 1.0000]
